ZacharyConlyn,RISCy_business,,zachary.conlyn@gmail.com,3,6,True,"Columbia, MD",5
