zrcing,,,,,,,,
TagCraftMC,,,,,,,,
Soldy,,,,,,,,
ozgursarioglan,,,,,,,,
terraminingmc,,,,,,,,
karimkhamwani,,,,,,,,
mstraughan86,,,,,,,,
ShafiqShams,,,,,,,,
Orion4ik,,,,,,,,
Agrelimos,,,,,,,,
MarceloEstigar,,,,,,,,
waqqasimtiaz,,,,,,,,
Angellito10,,,,,,,,
