hfpp2012,,,,,,,,
kfalconspb,,,,,,,,
KevinHock,,,,,,,,
angusshire,,,,,,,,
JordanRees,,,,,,,,
maxamin,,,,,,,,
edisona,,,,,,,,
kuggaa,,,,,,,,
SoloTn,,,,,,,,
isouser,,,,,,,,
pengliheng,,,,,,,,
lifa123,,,,,,,,
jdsecurity,,,,,,,,
psuedoelastic,,,,,,,,
Kingstonsunder,,,,,,,,
JonnyBanana,,,,,,,,
LetUsFsck,,,,,,,,
sanmsen,,,,,,,,
bo-re,,,,,,,,
doc22940,,,,,,,,
prodev0329,,,,,,,,
