Kinkairy,,,,,,,,
ZeroBlackShark,,,,,,,,
