Pacodiaz2g
vernitgarg
thesergey228123
catrebel
bardimnik
johnmelodyme
orf53975
mymy123765
armaggedonthl
