M1suzu
boh
NullArray
mendrezjan
CCrashBandicot
tatankatoyou
halfx
orzIruo
Danyboy
byinarie
mikalv
swordencao
D1G1TALTR00P3R-zz
bhattsameer
amoxu
vaginessa
0x4D3342
Zex808
fmuinos
SciFi1818
wishihab
Zeglius
firecatzkj
r3gl17ch3d
chychenhongyi
famasoon
xieqiupeng
d0ye
t0rchwo0d
hamed256
HowWeLand
sponnusa
hexdream
ic0dews
sachin1050
charlieeller967
HarishJangra
HackerKang
6f7a79
lijiehk
BasharAG
ankit0183
nestorwheelock
oneoy
Hristijan78
miter
rmawnx
d0dg3r4m
deadcyph3r
dafy1978
skrattfis
LasGoneN0
id-x6x
iandoankk
HarshalShende
mmbox78
Phomu
chenyongtaogd
sgnah
5l1v3r1
Royal-zero0
secure-nm
haloyemilee
xBugsaboox
otchin
rajnikantmahato
vanohj
dot002
aningangkang
x0rzkov
mukhlis7
bamasean
donchingon
jcalabres
hoangpq
romanofficial
Veto95
alexonec
ActorExpose
theshadabahmed
takakael
nikkiaragon
arikkki
thebeastunleashed
lodorg
SnowyYT07
drhack0000
vijayahacker
Bchap887
turtleship69
rajeevrrs
Dandman843
Carthief77
iamprashu
Galiaf09
yiyilian405
QuantDev-chaos
paulafernanda156
