boh
emilyanncr
skyleronken
fadetrack
iMokhles
ganguoyin
l4mp14
Keritzy
tandriamil
orf53975
sponnusa
Sejoslaw
DP44
nbosa
lixiaolong41
BaRRaKudaRain
ellerbrock
r4v10l1
Barakat
GetAPTed
